30
124
154
212
216
87
568
800
446
446
836
525
207
555
712
979
252
390
823
750
982
697
899
88
896
831
511
157
272
678
941
452
388
139
378
74
336
592
3
292
52
155
922
334
22
671
714
189
523
521
212
388
643
426
981
991
387
564
963
89
272
107
533
49
593
337
450
637
502
192
236
742
85
629
297
635
246
533
345
492
553
471
625
275
633
489
241
433
209
661
426
201
119
699
155
24
961
925
773
317
211
236
306
946
362
773
335
577
75
362
359
987
267
79
923
689
235
991
261
602
142
738
788
625
713
298
312
621
900
979
642
981
662
789
307
594
469
857
609
833
843
472
102
292
792
890
860
225
558
318
402
848
889
930
236
444
428
473
287
792
316
535
316
641
958
630
77
810
928
560
149
603
950
202
710
823
486
764
189
380
629
233
441
490
841
865
487
851
7
143
876
895
237
945
165
187
376
629
871
975
825
796
322
142
59
467
456
349
935
539
247
940
337
674
846
190
376
878
372
404
74
818
958
232
378
861
536
753
218
114
802
780
202
385
904
874
306
146
470
16
444
293
387
779
867
723
103
516
230
878
360
948
465
363
577
405
58
92
82
810
497
98
16
402
416
161
187
88
596
395
632
554
303
358
80
477
671
939
433
321
798
255
238
282
139
117
327
973
170
187
913
249
767
517
736
190
869
778
192
794
298
197
167
599
777
855
307
161
966
842
740
394
872
194
912
289
190
517
695
617
142
741
336
307
115
611
340
751
769
966
205
452
332
337
992
340
19
294
65
220
863
372
666
612
245
20
668
625
34
621
357
709
560
744
771
96
240
55
242
102
706
639
411
342
826
58
24
70
40
57
528
428
353
929
181
858
341
730
995
580
667
278
500
555
758
930
129
699
805
458
415
618
804
686
219
449
419
755
144
399
643
116
213
434
194
993
322
949
288
55
8
356
936
487
458
317
961
808
239
813
517
693
845
771
975
540
888
286
708
615
703
183
856
852
543
537
256
853
186
129
125
996
393
904
950
515
334
614
336
238
775
161
108
494
933
904
355
659
718
611
591
578
954
264
454
868
587
991
484
356
160
329
141
992
932
497
368
772
80
752
75
796
715
1
710
768
900
543
817
400
632
445
420
469
282
735
321
15
421
594
755
319
86
12
545
626
906
8
150
831
227
895
492
800
781
757
458
501
741
990
561
191
419
42
541
907
111
281
620
919
345
151
372
560
765
496
144
402
219
69
363
159
852
312
432
158
993
90
749
486
301
601
278
449
732
902
422
23
667
151
659
361
464
349
980
610
633
562
215
916
766
53
485
748
797
286
805
57
950
870
563
537
79
501
318
857
563
619
147
844
725
18
94
968
576
393
232
39
133
67
866
403
540
355
221
376
187
464
560
86
87
30
138
483
782
137
436
992
622
730
602
511
569
560
660
577
708
288
777
471
165
904
631
808
882
533
621
718
662
231
540
6
861
854
334
335
677
842
659
101
252
116
194
692
90
266
828
678
409
577
467
294
568
195
595
815
366
963
98
370
884
66
284
993
700
416
174
146
295
304
90
674
606
760
788
636
657
12
111
188
857
111
510
277
918
208
701
401
380
650
754
277
474
534
484
57
439
845
789
835
980
191
810
326
81
81
406
8
460
731
115
254
174
174
406
978
17
785
458
855
465
891
503
282
478
781
551
127
143
586
206
236
604
772
484
960
253
229
855
501
723
560
99
131
572
261
970
104
231
374
734
490
123
779
807
852
386
902
202
239
256
567
521
797
748
165
759
907
625
552
1000
538
41
307
873
688
848
406
441
67
29
783
377
257
765
176
874
837
334
91
363
624
960
581
985
378
677
404
380
776
168
436
81
101
53
772
123
809
578
922
769
388
494
158
815
369
43
188
108
463
757
606
616
449
199
723
387
646
32
454
835
50
984
292
618
455
264
337
286
496
781
386
627
606
414
220
647
392
548
904
371
545
290
430
708
550
896
509
954
799
387
354
596
431
462
484
856
193
785
590
35
369
47
927
289
698
139
435
506
947
379
188
157
212
613
531
699
323
487
651
624
712
983
956
862
456
359
18
677
54
657
907
295
153
797
188
862
665
877
50
382
819
151
253
321
511
151
354
798
430
854
849
124
56
675
320
763
562
991
268
95
605
322
555
340
882
816
548
519
580
817
654
420
401
610
880
84
199
89
929
312
964
587
642
874
34
877
287
573
119
503
326
750
317
207
405
702
15
405
358
900
455
454
482
648
84
651
64
306
571
380
911
148
483
240
818
551
121
437
187
347
496
264
330
829
280
84
177
585
532
583
563
841
560
345
538
207
817
481
541
661
197
285
917
402
68
537
135
389
11
854
356
874
305
62
994
52
67
603
84
296
825
805
608
99
160
257
363
692
115
257
589
26
518
109
574
718
650
134
798
588
546
686
282
55
99
326
706
862
372
496
694
499
245
603
432
280
19
748
206
605
980
272
177
131
362
999
932
963
602
681
292
878
681
521
235
709
312
546
637
44
532
644
779
380
711
944
429
342
126
511
407
824
612
951
137
509
371
641
837
716
732
275
14
381
353
462
887
953
661
560
248
258
134
834
172
14
263
590
773
332
941
453
657
343
475
840
541
861
146
461
498
251
157
328
383
78
546
91
315
375
370
187
970
603
112
247
709
283
2
639
322
789
694
223
502
282
220
781
751
681
844
778
569
772
372
163
967
958
252
799
464
154
496
597
950
608
656
712
267
349
74
821
452
897
534
535
332
777
790
736
452
81
317
991
210
288
146
387
668
153
281
1
695
789
316
821
993
369
993
631
525
982
132
206
451
629
714
91
736
767
927
184
511
777
169
821
886
123
223
455
508
777
144
6
872
36
528
195
877
894
68
517
834
113
315
557
891
383
146
330
436
469
757
132
452
339
538
53
167
959
154
413
799
61
502
224
135
638
452
600
490
838
941
429
82
463
938
131
849
560
315
670
468
936
212
846
73
532
767
207
395
21
450
12
413
10
643
684
648
123
526
76
862
227
93
479
879
639
788
818
144
240
500
361
149
656
417
562
554
172
637
532
745
556
945
902
440
727
762
673
800
928
255
239
995
333
464
615
763
743
224
419
443
919
922
908
602
535
234
835
299
530
701
425
24
442
969
607
683
529
686
602
214
238
478
409
8
113
92
929
378
172
616
316
1
165
19
257
774
757
659
957
418
112
109
34
215
670
830
690
985
130
1
171
803
783
342
697
526
170
613
259
147
595
916
628
383
44
321
750
381
76
659
552
747
732
813
442
333
41
935
33
134
441
411
520
462
124
90
837
903
872
495
420
448
538
965
148
263
466
923
248
54
992
13
40
503
154
809
531
560
491
9
728
876
436
878
336
970
422
61
670
965
507
689
528
597
657
887
877
539
725
331
309
586
115
191
379
246
633
432
492
229
264
491
834
433
310
24
952
711
686
708
646
955
619
872
539
228
511
988
356
775
706
173
801
980
130
942
913
901
86
216
693
478
595
546
262
801
343
663
52
490
781
513
949
500
603
135
739
269
351
410
857
726
839
650
395
598
630
344
824
246
20
527
167
223
860
488
993
23
546
34
609
18
404
155
714
414
531
657
521
125
195
402
385
862
624
73
918
274
422
139
15
914
114
37
718
787
660
944
382
630
43
264
473
321
408
208
838
684
517
319
178
223
273
496
239
252
394
654
546
804
193
215
370
819
806
500
174
18
145
391
680
18
959
986
342
973
251
550
353
292
906
42
250
216
58
172
218
694
911
408
144
36
179
264
771
900
538
254
896
577
744
656
607
910
201
197
697
791
639
591
203
303
229
904
386
262
776
411
994
143
115
407
531
770
96
162
901
240
862
456
850
26
452
369
937
62
764
425
272
817
269
685
703
577
983
766
793
379
960
111
717
82
466
190
785
441
266
7
216
113
471
334
563
715
172
324
113
158
80
578
170
302
202
462
396
744
515
134
856
79
460
555
810
340
432
927
91
309
985
391
872
964
639
469
606
527
257
618
734
506
554
9
555
11
765
179
182
969
294
502
919
612
639
452
871
487
943
925
904
376
464
151
523
12
392
139
494
366
64
412
164
183
351
977
345
232
441
841
204
94
820
950
501
933
264
570
902
208
716
981
20
195
618
181
161
758
127
491
718
893
699
400
971
417
808
724
97
831
995
672
462
268
554
55
714
9
193
988
152
246
783
526
2
382
330
661
180
928
573
508
351
105
431
600
377
952
111
855
403
381
472
428
128
141
705
333
564
885
324
927
583
446
776
420
582
98
625
115
618
190
56
264
539
923
966
744
228
589
76
315
243
986
660
965
2
76
67
327
974
902
50
788
580
937
914
393
284
674
745
839
115
185
4
204
629
534
255
17
874
274
624
175
357
373
907
5
481
911
530
318
890
127
786
720
726
442
246
138
39
368
768
411
270
520
509
336
221
656
930
704
508
953
627
140
756
70
29
42
794
235
940
578
861
763
813
41
623
575
508
979
305
526
584
498
623
465
581
634
376
877
13
344
166
105
147
475
85
11
34
76
597
474
236
815
404
494
819
462
793
788
544
430
851
799
864
256
134
817
998
477
780
304
609
40
861
977
196
888
886
78
908
385
435
158
143
288
211
615
647
361
833
968
516
187
635
314
130
612
233
719
717
186
939
571
504
69
972
246
44
111
262
146
54
578
280
879
358
104
72
85
804
300
51
88
350
901
34
100
899
243
29
320
759
724
548
727
579
476
542
207
972
898
462
507
707
381
291
634
427
988
670
539
18
907
97
577
546
477
378
503
611
354
604
372
53
869
30
595
440
52
462
944
940
251
850
215
59
753
582
203
534
11
180
625
278
984
261
405
731
812
920
60
106
663
411
437
692
1
460
16
370
186
497
253
228
176
17
622
281
646
704
272
323
696
357
498
449
334
122
858
348
535
897
804
213
311
70
369
422
623
674
409
951
260
535
708
205
390
209
376
40
897
476
477
974
6
82
849
955
359
42
693
198
304
951
320
137
940
318
500
821
740
913
699
981
56
465
1000
702
999
361
190
42
434
804
489
728
183
370
422
161
575
727
700
648
772
119
905
269
224
911
975
860
667
582
839
356
960
114
331
778
723
438
651
285
879
898
295
371
598
815
612
584
444
793
52
742
12
640
839
99
363
419
525
82
816
645
223
333
286
863
909
403
608
931
646
116
936
221
690
793
432
499
771
908
852
319
920
871
418
835
641
6
65
196
632
345
296
862
83
163
781
486
939
877
935
716
460
809
641
409
842
826
245
291
213
65
587
335
940
402
418
136
632
409
675
994
44
378
477
344
796
477
231
887
153
279
841
907
298
712
562
212
723
254
391
729
648
169
208
551
732
671
807
858
916
526
974
24
820
431
838
529
560
204
445
518
617
883
662
471
421
216
524
612
856
805
293
902
310
220
683
677
116
377
587
377
402
433
987
655
554
281
746
786
993
714
741
884
986
933
419
713
11
115
73
989
488
392
520
892
575
210
259
591
95
582
17
760
337
501
846
119
352
986
440
731
477
74
903
131
341
351
175
541
543
367
968
775
664
172
831
66
630
222
509
587
683
184
94
405
45
886
211
399
166
609
615
712
939
385
153
282
717
653
50
846
691
313
910
624
829
294
828
48
711
941
296
419
199
931
379
698
766
210
711
759
143
516
497
78
250
43
903
82
679
622
682
534
63
200
997
207
297
304
31
662
445
666
838
959
852
731
657
150
445
513
41
880
822
716
443
668
64
782
18
859
196
759
787
1
304
547
393
508
142
702
201
890
148
213
45
592
38
225
526
470
461
826
111
427
655
916
514
533
139
872
472
106
551
293
661
160
68
547
320
1
655
291
397
868
575
472
942
1000
756
281
208
817
592
995
631
808
447
837
47
918
319
257
612
791
77
295
573
264
822
963
395
477
269
739
548
533
900
102
412
276
699
110
265
273
581
178
203
193
282
776
884
925
630
419
949
526
474
108
287
446
12
36
529
728
647
351
179
274
238
485
297
589
923
206
915
218
793
248
45
251
883
990
904
602
271
230
602
595
912
336
754
43
315
496
243
925
37
148
973
378
725
930
534
326
899
680
49
934
465
927
991
14
115
367
59
869
753
595
553
181
124
210
178
127
43
493
808
722
86
936
311
531
715
382
664
909
845
398
18
896
319
812
913
756
144
912
18
427
850
551
528
936
848
23
753
316
764
193
623
383
469
12
412
505
560
274
394
999
542
223
719
840
698
893
118
729
667
460
666
665
397
744
418
880
344
157
512
339
283
497
317
959
139
855
599
884
764
264
258
373
36
519
842
643
216
672
916
167
563
344
485
67
502
844
355
500
869
925
720
249
265
274
35
829
491
363
190
417
643
402
665
928
521
974
718
44
353
716
810
657
302
108
306
65
405
571
614
548
761
360
402
928
333
838
204
731
974
555
680
758
991
191
352
448
44
882
237
283
568
98
396
704
889
719
432
341
550
797
308
240
254
274
502
280
528
685
629
391
350
321
926
855
456
201
5
609
901
508
47
886
659
95
557
220
378
862
154
905
563
637
719
852
661
599
388
776
637
917
79
860
806
813
44
987
997
28
604
168
58
671
920
336
394
870
178
704
540
628
52
599
414
173
823
759
84
373
288
23
501
530
1
377
526
639
888
448
927
785
224
205
90
592
232
740
476
786
98
76
847
582
836
646
408
246
675
220
408
733
442
481
570
240
645
625
86
739
138
129
52
244
800
875
413
203
829
493
818
908
732
403
336
329
887
806
292
657
411
447
676
278
903
763
427
986
238
755
941
110
739
357
400
661
481
613
494
458
1000
216
586